-0.15486475384947443 0.5051653624442994
-1.1638259921411191 -0.16046032109521963
0.27086474060630084 -0.07639928097118563
0.13334469143185634 0.9579142247080755
-0.14822150109659382 0.4043450199542659
-0.9881238810104426 -0.5512029185444347
0.057281086999793285 0.508356857037426
-0.5337184321357733 -0.28708510677705756
1.6834917956057676 0.607537871064662
-0.6189094077170818 0.14691547321072534
-0.623082376110884 -0.07343525106133879
0.4595961797074153 0.18844666831076431
-0.5540562503002058 0.29808818951085414
0.040476531093418644 -0.2753839931167698
-0.35810051618557703 0.440215381699456
0.6623806202881664 0.4737696803353236
-0.14401642878358145 -0.8851544564804574
-0.6101534822061405 -0.2619744119157247
-0.258312501907159 -0.08101007542073123
-0.9620567753525391 0.5093715894863036
0.38771961148711476 -0.6210495861275072
-0.2233391886221202 0.013291573629344536
-0.6718648734624761 0.1813441318304386
-0.48678699353995203 -0.0398405593172028
0.7939540636861546 0.5616385889332667
-1.06362500884246 -0.48370216512003267
-0.6178256477071608 -0.5468541471649341
0.0894961582339166 0.09685434022592657
0.13351817666570537 0.3809083563436796
0.3232086717639192 0.5663916216305062
-0.32136285124751796 -0.15355864694701848
-0.5697925606089274 -0.06647889722805868
-0.1034326922155333 0.11703414659797826
0.04543349971239696 0.2717749020592073
0.812499543769645 0.7463846260467777
-1.2265842146994672 -0.27246842748650624
-0.1177490625992761 0.001943101511781245
0.534332837684904 -0.13798678648302953
0.2899773968233508 0.2975616801522302
-0.09326405572413399 -0.39579005417421864
-0.12550375262586133 -0.4428406624505527
-1.3336811563642652 0.01990938268870185
-0.17441617076721042 0.011698886351080767
-1.1682062421084833 -0.062206114066661225
-0.4617611044333012 -0.41030491228610505
0.7463817946495772 0.22843711062629696
0.09556924184751164 0.17958689817753123
-0.4279988537283069 0.4087643181679487
-0.353759653698395 -0.3012395131111188
-0.5391434079582896 0.5377896687895211
-1.1563208916128112 -0.4077310876432569
-0.16540857022557948 0.1513963547450891
-1.5126394491574517 -0.37993983800269193
-1.1795679710881797 0.22469123331622728
-0.10475394844034541 0.4195978224096565
-0.25951759786690715 0.15068554561728967
-0.7761348045313793 -0.42911625583440133
-1.1278195285768553 -0.2893873185513114
-1.5931751417811706 0.1358653348460831
0.8978126686707955 0.0789457742790472
0.4915582834199683 -0.31460580503496255
-0.5147190018628456 -0.3030233295976147
0.656461269824889 -0.21684504689890255
-0.972858592952021 -0.1770027789409782
-0.228402131595678 -0.14993656307319225
-0.26826460718881706 -0.023157100698930996
0.2551759410227048 -0.22514370266209743
-1.0959056030489045 0.1265867698081839
-0.8453782029389777 0.9026992225252328
0.6768114617408972 0.19810951963232082
-0.2388347416203287 -0.3323647702981045
0.4800354725685172 -0.00015935825325788522
0.02949308792426264 -0.17372116080278638
0.5075185251712498 0.053237795602192925
0.008248998708070415 -0.1309517862938735
-0.29002880270179415 0.5542564399586497
-0.5810098796393928 0.31026061598463217
-1.8222829862143233 -0.12494149524361388
-0.9046755428863198 -1.0376134289365595
0.5409193270570494 -0.3970825859607367
-0.2784625388603903 0.120331693546013
-1.3591705846943576 -0.23294510750843556
1.4987229869148198 0.4823706485563217
-0.615040713083048 -0.054118638321777116
-0.5518717804553799 -0.11513078626961033
0.7463152345576071 0.282219539905462
-0.4460260113601966 -0.2808594408813674
0.8233483367330079 0.7081217884968959
-0.49668296678952606 -0.2549501259511193
0.8691017774212593 0.2554810283046466
0.6890573492346695 0.0973946704560791
-0.4132400319800745 -0.26782368045525035
-0.007885890531741047 0.6361685420565933
0.38885133625045243 0.5718898849177583
-0.3479909935923464 -0.015957333464662937
-0.13360871047972303 0.28774510511645957
-1.1518474235341787 -0.22484832585259862
0.537081960034581 -0.4655341713874113
0.2124105375986418 0.10487264420393656
-0.9376221093448628 -0.45634854725730684
-0.5290913291474071 0.43272607516310824
0.8123003836682914 0.006443749673838567
-0.9731223714812525 -0.5013664858929142
0.9909293078676518 0.715858590377135
-1.2867284541862334 0.007145937177832712
-1.366673575199142 -0.42494195863372547
-0.5967844403292846 -0.2331518800842436
-0.8968722528625733 0.5190601666616756
0.09173977710643488 0.2702290858251227
-0.8764235479300578 0.09215334096587285
-1.0842222115747018 -0.1879179135042206
1.3626992825735023 0.2264156523560304
-1.1987180995427815 -0.18085986081489097
-1.0178210916152755 -0.008718081412852324
0.18246065227625363 -0.1868742669551624
-1.1960418445235732 -0.4645354622966444
0.4609327480132933 0.28591656622845935
0.09552620321563693 0.09535590597854889
-0.9025822050767387 0.27251678082281894
0.8833037008265516 -0.17593122950177353
-0.5110533427550505 0.5020886009992865
-1.5459107731218058 -0.41666805546515256
0.049180492243574125 -0.28603443214770896
-0.7633658677632734 -0.40400407322419846
-0.43867164701529515 -0.04086562469981685
-1.044343784227432 -0.027400774574342215
-0.013412038881083388 -0.3694787577078902
0.45865465835767627 -0.04500201130821317
-0.49156409379167265 -0.6474655840172394
0.5644734758404596 0.18192888898476167
1.3428758040723576 0.38588845070622435
-0.15256255326216656 0.19894164239657816
-0.194558811033913 0.03668651325616028
-1.3581922777516646 -0.41279311632237087
-0.4522349990071963 0.008695850722675896
-1.029943946378681 -0.38441570157023
-0.03192914194798019 0.34475766655469564
0.47227633836763816 -0.13277605578277063
0.08363177604629335 0.5955593902479426
-0.9077767895713411 0.11422846486418677
0.46433224494681946 -0.16341974823734617
-0.3415283671379242 0.20911209600592193
-0.002100971104243843 0.3470186192991363
-0.1983147004752776 0.4872595732046477
0.517170565116594 -0.17284730261648107
-0.6262333141880081 -0.3055111202239488
-0.9500333590373206 -0.5243563671822877
0.27215421153512 -0.3412190715048885
0.8997389292432738 1.0233684200468594
1.6509044565705948 0.41658630555011616
1.0091425480899903 0.2307733950256139
0.3370340277734474 -0.19474384162177683
0.11695285788133919 0.33499949393072265
-1.2556981049878104 -0.021616451846165854
-0.2006954086180834 0.3176273053557599
-0.4972984121955323 0.4056786487311917
0.3925205118714591 -0.8000067541351715
-0.4524290300151348 0.8455661002242459
0.6831298224112502 0.4190387101713354
-0.4022205532263533 0.0801695440248393
-0.20188456572779023 1.0761984401179487
-0.03281065116583545 -0.01224896175911648
-0.4084423188588328 -0.2390790340123528
-0.8313542677817726 -0.12161951271935888
0.5860390496876207 -0.44841255312821066
-0.4105229722453644 0.28993964052409266
-0.032192090022439196 0.6364558464734664
-1.268300647660124 0.4941178270603313
-0.04428022492904865 -0.15620172764854995
-0.06088362284596538 0.25775584807523694
-0.20403678616663617 0.04415345081807924
-0.819765516062402 0.15506791142151524
-0.5780220382987789 0.0036959062324309344
-1.0459316365722788 -0.29161638952530217
-0.3841109155816456 -0.055154639026570126
-0.017907268392643116 0.8507040641808649
-0.6287314645023692 -0.4421046072723119
-0.36260588849432474 -0.005715300928118283
-0.17398143198018956 -0.23446577173313465
0.20175529806796855 0.41586832673445584
-0.8390060988476971 0.27838042586498274
-1.0031168091509732 -0.4083799337944409
0.6491358127560696 0.8514602346551516
-0.3246319363344242 0.2278729465092023
0.4551776417638609 0.9223441388982151
-0.17390680232661904 0.5256664869059139
-0.655339065529039 0.050213892813851815
-0.5195415172127134 0.6294733002030146
-0.09693565862647574 -0.06955664151962813
-1.5138445252546424 0.1456242631434991
0.6649114588658991 0.6943711306103554
1.4193643553774418 0.9518518897023058
-1.1943934923264687 -0.08565582966690029
-1.0402535643841004 -0.24658292594031922
0.40109159032661057 0.47085728273028965
-0.014433420884906567 0.11337088662228909
-0.3394050339198317 0.4135418254188267
0.05393342126687356 0.14977503217832389
-1.1539489361876218 -0.36222303421275315
-1.4349718128788476 0.06163826991264186
-1.1122544865697237 -0.2231473675185412
-1.143031690693411 0.03792705567021603
-0.15173502208596254 0.18312225853556846
-0.48137897851689954 -0.31559950994165886
-1.5282724121550157 -0.2566255586277818
0.46402636507359796 -0.12564991552657007
0.17504258139015738 0.08129794848149767
0.16886275120710514 0.483792667940447
1.0825470304358553 0.40273465922084245
0.7446614672012475 1.0104381937131452
-0.9150537158360873 -0.3157310668399583
0.7123954845408845 0.5643442838552581
-1.0748549611258191 0.20609551735048245
-1.1097457713742922 0.4286212275241597
-0.6996296474344911 0.12078519308803468
0.01667119204881279 -0.3498662176878773
-0.4880539691009333 0.19559243983450086
0.7916133582036715 -0.4014618905676189
-0.5814078896627226 0.22201454565172907
-0.4399912986653023 -0.004985475089883673
-0.02751361788114287 0.43502522848340996
-0.7476132109697361 -0.2531412524039436
0.1564654578580128 0.6993941131170495
-0.6309708093464752 -0.3447390296449845
-0.05297011714995675 0.6444395067785696
0.8436257936138083 0.18431118869051483
0.5199444299720721 -0.12890548875907176
-0.1872767311089412 0.4505117862609486
0.3716319519856566 0.5902550791229949
-1.0870104997271914 -0.29448238278311906
-1.617439655852924 -0.0597378465713488
-0.9847811521923512 -0.015841163505764103
-0.2163019578729779 0.0016715491225623436
-0.7259135099430664 -0.037663057047314166
0.3239141599296319 0.9598418486576203
0.17299677155757304 0.27241519783273227
0.1518833579335832 0.3627351437791848
-0.9657346036843052 -0.13478189919611394
0.022160614938096235 0.21758593325036246
-0.9111277146565491 0.18835957266350156
-1.2334334235595918 -0.12315586664553595
-0.0015342341692220762 0.1526220234160133
-0.18634729966816996 0.01914854597739997
-0.33975142458368485 -0.2527880407527884
0.06726969853343484 0.41007969489006874
-0.3346209565296807 -0.16970648804744554
-0.1256090230518185 0.15564431914126092
0.5511140952404026 0.663937172630607
-0.23776580864737165 0.245599740965237
0.5329011519981494 0.8175329257679375
-0.6447152604967965 0.11137218084203353
-0.2661413067989296 0.09474463451217408
-0.7689922219714889 0.4016918332987211
-0.6926856733729063 -0.8363430340137054
0.3028380040519636 -0.2636841320849998
0.07879490016281754 0.32674295938866427
0.7174884785481355 0.3418853782759323
-0.04855200572209112 0.7847227546370646
-1.0998876198475602 -0.5964073105157562
-0.1299165685707477 -0.11023853357659989
0.30618458981097374 -0.020208654815736513
-0.33747553494910343 -0.8861515110762257
0.08767347966535866 -0.004028235417678883
-2.262164941706313 -0.14675594552170018
-0.6183877632718389 0.21481896861172575
-0.47596770367376035 -0.2101017874272278
-2.1265328210012013 -0.59620115797039
0.051049084760725394 0.21458573441800505
-0.8275659989975581 -0.08336369913449497
0.3673875943850349 0.9022939551503525
0.2978030147317059 0.7103998137614991
-0.7353702142644221 -0.4247132809701914
0.8099255931419804 0.4764210703154096
0.034552774938745145 -0.16918077999620268
0.1627088462568213 -0.3774491903842007
-0.5071546664581775 -0.5704353152921563
0.5546687625158351 0.5967134832933435
-0.7500832965360241 -0.3607209080362421
-0.34815669057323784 -0.1738955303622719
0.15255834761540626 -0.005569657667227085
-2.010379762797034 -0.424041634154432
0.7060534481727483 0.8668379661346298
-0.14035315819527844 -0.2678792280989369
-0.8623950066725315 -0.29899142091567016
-0.4472223120996717 -0.45343225428354256
0.42405271387974586 -0.08194409859787814
-1.444028545410964 -0.2766935246678805
-0.13946574733259937 0.26940255309707917
0.22570305787587863 0.5518819966060933
1.0778881221730205 0.90530888397782
0.4289501572720863 0.5797237303914792
-0.6691183626998253 -1.0790382255157844
-0.21294416842598562 -0.32447322348632307
-0.5251508456935143 0.38814174239198823
0.41914685776737437 -0.08732950784885134
-1.433204923968905 -0.26290087786480315
-0.5531703947550335 -0.2915166271265877
-0.1016422302844601 -0.20560636050679476
-1.5971933030737453 -0.593717620692959
0.5242948643318303 0.08772815388521069
-0.45841910593744384 -0.8125706733982085
0.620449434865334 0.14109731548990329
0.3718974440681594 -0.10796885767474003
-1.5738027824994263 -0.3465261933389272
-0.46929105722797854 -0.29536808851630975
-0.8527493489141948 -0.18357735055307517
0.44178842613676395 0.40883498192447065
0.6038414398946185 -0.4447822820846868
0.4594743499091871 0.32208434749356385
0.41022887796493546 0.3597882161007158
-0.1867170574281735 0.049818320645298925
0.6283737340371035 -0.041083398743805774
-0.5984636758343067 -0.2765200891452071
-0.490322009340656 -0.05074950204690222
0.29494566895422514 0.732338261817272
-0.007162778027431066 0.39481107889229855
-0.06719050115991893 0.07874448265752039
-0.004480729116244753 0.5240838302445661
-0.6618135206045479 -0.48426319315478866
-0.40685203511711654 0.274068666140121
-0.5218524028256272 -0.5088220867529322
0.21668768665912186 0.15647922259360642
-1.0818631764411362 0.5869066351477696
0.38777558327663075 0.3102409439164832
-0.8097798146191951 -0.17278923138183466
0.4325053238835628 0.4037463521195288
0.23744375407481905 -0.4258588252098969
-0.1581780780852733 -0.3576300378902919
0.5612296395937684 0.16680776000949749
-0.42641016227339124 -0.424225047945814
0.4608555628622325 0.2256040048765437
0.26255235176400993 -0.43597022530310253
-0.7664214630939176 -0.07008362435944977
-0.30181684153058536 0.5756121928296707
0.17129646958803757 0.29855954138729557
0.5237113390362108 -0.8390671777828879
0.24485709976246844 0.2176074789252549
0.7171155326577582 0.9935351307306897
-0.1845902684598984 0.12885475666142474
0.4450354126166546 0.44957120008469553
-0.0829074064537994 0.2596393109518786
-0.8496948378137663 -0.39669951567091094
-0.5934519262772698 0.031183827399012112
-1.2665356018049907 0.2309980958273854
0.0850418843054998 0.07390565149512349
-0.2996519513664858 0.24179372995780968
1.2665228012877956 0.6741581537357156
-0.8724785336405095 0.3040771982644989
-0.32903317117657904 0.5076329191240947
-1.6210212170766876 -0.19556535187270024
-0.26575451916725146 0.17878333310105649
-0.6499126627278796 -0.18045126633847114
-0.10920076077008029 0.2953120362801823
-0.6080650703938647 -0.006984782827539823
-0.12612595687362724 0.019442458340989996
-0.4492792878672991 0.09509711272880184
-0.01965668038264773 0.0005756665045209275
-0.3138622296548365 0.41636206738738707
-1.5061068289052237 0.12289462706734716
0.33527933864785586 0.3497068823455239
0.30329689029020035 0.16663943865280242
-1.5898659747278265 -0.5724244753357149
-0.34834637230934773 0.33666756024017
-0.1322973825477471 0.2441825151783767
-0.5395887365893091 -0.1593346781386621
-0.3669658224870039 -0.30948149307346406
-0.6425900226497726 0.16581222207298482
0.37767694066737156 0.2691203635304167
-1.6589502667273062 -0.8348267268272445
-0.2668606888646903 -0.06312410133344938
0.1055897646882098 0.31857875652859935
-0.9492718007343695 -0.24503401043089396
-1.366679338207181 0.078075229613548
-0.4519306601400428 0.059954041385966286
-0.7285145838052565 -0.9361486835377812
-0.26724457172580574 0.14007528299318484
0.6753924233965872 0.610940287839557
0.14137838096454686 0.13215805878154668
0.8739189346277525 0.552687991391817
0.139368717810751 0.2743924323689165
0.8846638148258013 0.14833820034771533
0.42857851413821835 0.05184897999928695
0.018499259241691185 0.024596325982110118
0.14387262591472905 -0.0872907497690339
0.5223546731647379 0.06367036142959115
0.16737631011553117 0.005633005783929765
-1.0299844197646992 0.17916345429559954
-1.1116409161165475 0.24947522149949186
0.49293380099839834 0.6007315881002119
-0.19062995157715934 -0.2571283348472763
0.664115897783806 0.3129686639177443
-0.24261785877730238 0.34521387952959043
0.05678022790919751 0.9512167061601994
-0.46379726971575547 0.19855643161408165
0.1862195763939229 -0.20269741556140047
0.42480640206554343 0.2702639166101568
-0.9729529074765904 0.7891935183010066
0.5128987752431113 -0.19960540538365507
0.0828893218591269 -0.24346474697185722
-1.2465604817811655 -0.43400086255641196
-0.20207497318064288 0.6045733643295841
0.24179317722848703 0.9604136877913158
-0.5667254510315027 -0.23061737933422327
0.48377513347482193 0.18332827975899432
0.02010016634104239 -0.05300330847072239
0.45134078852754655 0.34930348834333375
0.17561227620432784 0.31249917060354304
0.4716932519978061 0.2481359719949081
0.6627360642266664 0.4765124207653712
-0.955300519314455 0.31771773474136833
-0.05617573006919474 0.273855904088653
0.10288832466910658 -0.3337407860626646
0.9456318008153839 0.2625960418744466
-0.5811081814652201 -0.06008703828097918
0.03372832186659386 0.6892312693761462
-0.9663016524422364 -0.07019796415374376
0.1407758451950335 -0.27164094571039976
-0.11639792581941691 -0.24811343955302045
0.9567271942038427 0.5949716701852539
0.6933101633821525 0.009595964416473146
-0.9032513328975316 0.1252547305102089
-0.26967054333710594 0.4367995706891855
0.5723231650835383 0.3678532299740946
-0.06195766806655856 -0.24117755815081382
-0.1166746322202599 0.1708812375094919
-0.8654161136720869 -0.19679914075988408
-0.44515294944541134 0.4532771370363296
0.1458518907379261 0.4351685863887149
-0.8739716468096467 -0.6981466829636138
0.4958280818257621 0.5625959489267097
-1.570946589285226 -0.5528448909050935
-0.6705710158330711 -0.15220029266474783
0.240641686815185 0.14856224205535085
-0.9198128870081232 -0.5296308546221056
-0.36686818384570574 -0.40649473424755583
-1.0010275300056755 -0.12799460246020666
0.2971205537806054 0.4664776358762324
-1.3244314214787305 -0.5341033305143853
0.5600549553374585 0.43507728293881354
-0.29830037104404594 -0.6500877265744726
-0.8453049486469983 -0.18481995114129363
-0.22699319105823176 -0.21680002949278654
-0.6722218956437527 -0.6005482230164612
0.6378401800450486 0.9484677744552785
-0.676553706804983 -0.36963351026997243
-0.6754037954064485 -0.6430206888306147
0.1624227258192344 -0.22365640791022673
0.16194280920880683 0.044460864446611265
-0.19649788081546637 -0.40550348200810354
-0.5362029309761277 0.21705778363331463
-0.31744524268701796 0.11251203326501959
-1.1877653654968368 -0.6831384759754919
1.0049596288692364 0.25372127475116124
-0.5915909630348021 0.22832237598568195
-0.7783404515196224 -0.024647211850359688
0.6930460854520811 0.05243663885235334
0.07884964174701636 -0.608394395997731
-0.4856927747891451 0.1368483138708893
-0.6664888531075719 0.19215087148556698
0.8276565775728142 0.2842301397992692
0.03214024987132352 -0.5239858985702474
0.5408392230588471 0.3139635601571493
0.09398807079617999 0.2510138701328134
0.23373193269133552 0.3333962144719898
-1.7434597338704727 -0.2933941433206909
0.6366819304572622 0.3058235754201033
-0.4153729629134411 0.7079908132165333
-1.4086673378373322 -0.6041291213571376
-0.6602380313476329 -0.05820234080027932
-0.873065798791878 0.27659101113568973
-1.2532418571696287 -0.4171028945284166
0.24016209343806738 0.8699459222110606
-0.6116397585490534 0.04802491449428393
-0.031671215745773196 0.6245962424429052
-0.5030241743972894 0.16379297901110967
-1.0622076530771785 -0.5705538280518389
-0.6099402890707781 -0.3042122361399182
-0.6857780468911108 -0.15485072326928823
0.1244486819690373 0.08203331025868012
1.2899907273423403 0.39663296428533407
-0.8165119322259781 -0.5698316136103502
-0.16440012850900332 0.10109477843322198
-0.7900587368637112 -0.7562564625558927
0.3447008795656683 0.4383149470496326
-0.7512073118474428 -0.081613703683266
-0.120646694607009 0.6174850322391997
-0.37578493825793235 0.09627159642322776
0.10628307187680197 -0.25399811173446724
-0.7172836762398311 -0.2023384563732104
-0.35683218322114324 0.2374082921707386
-1.1703322453839218 0.06510490950883527
-0.11144046308293012 0.5093937379451411
-0.22992395140005942 -0.08244090190174942
-0.2219430163581828 0.19324064126447768
0.8662804898045926 0.3380911081599771
-0.6596299177932667 0.25864141964674114
-0.850663078571709 -0.3759156836526996
-0.7842153882731866 -0.42180777536352193
0.04893525614363814 -0.09659741735566572
0.4596426905166249 0.4726611422898053