85.17912598731492 -2.280965517944996
-3.266291561294617 -1.8333606525487693
21.590731683441234 -2.400920202914561
-31.475319816549316 -2.4848652371255566
-55.6493755622652 -1.9928972017676598
1.7469904936101042 -2.6066496091279783
-94.72005873972907 -1.810174827154506
-75.91918433613777 -2.4783589451713595
44.97356865276985 -1.7836789577430663
-92.89365151980026 -2.340829984432186
-193.49423642038772 -1.9462268547340271
105.1240452798058 -1.69277918060318
-39.10322956550605 -2.3928320729419523
43.076706748835434 -1.716653167881434
-8.828713411878878 -2.1749699773762994
79.5962336535535 -2.463135845020559
196.4574668028311 -1.9834031981571691
-98.16092785192764 -1.8101371799694863
-29.722151214589495 -2.228341093776081
88.14025146510812 -1.764173130769361
-33.762595988213064 -1.9683794897221332
94.57487143583869 -2.484121447269926
-48.949850003053996 -2.1868623655809767
-18.11816347433144 -1.362920703196639
27.797175154687373 -1.8296253646349798
-82.92744718771917 -2.372875920644325
-98.30068072188257 -1.8417734324626986
-81.59152290248896 -2.615853729509711
-16.391884015570284 -1.7131460006266468
-56.70419110196057 -1.2102067110685408
10.205054701498577 -1.65773378496438
-7.813814045218648 -1.578100788261674
-11.70252251291644 -2.0234668984445703
17.343145932370582 -1.4174019177226773
-66.20832039121085 -2.2779659961820964
48.64159705457511 -1.5883877508862814
14.194324743655756 -1.6271693245240106
-22.564148161295677 -2.2673318798947903
73.44044405701003 -1.7416153888770365
7.141661888654259 -2.1093818610644735
-71.36827009834215 -1.937559191943454
-76.8396947997354 -3.038889319859808
-46.333778775504115 -1.7416802606371846
-17.54711073341818 -1.8302676704254637
-121.2540352790533 -2.4552818391462665
-3.095350926386272 -1.8000302658669096
111.04649168638839 -2.2324397869715007
-105.60256649713038 -1.8854047161624108
96.66570401355648 -1.8655177455932688
52.8314776499119 -2.6609797437058003
8.325554063279693 -2.149035097232764
58.827377795940905 -2.107656715511537
46.015806011877274 -2.3160200395470483
19.61889551836046 -2.8444283783498268
-42.161869134798366 -1.560195771215291
19.381994143902908 -2.8645679231088987
-71.06609282867937 -1.2930865561147604
68.57540396514653 -2.07892021837051
48.87577427763971 -1.3553690090759958
-23.013856756222694 -2.195761162090251
-79.63949975465152 -1.6353160227970174
-79.17773133883804 -1.9261437947290172
-38.79062173280465 -2.0050418900958253
-80.26846808928595 -2.5317290383488293
-36.04593518647828 -2.2822847595661515
-43.55920225607458 -1.9805219700800591
175.11101935419651 -2.1466750289643355
27.76277437323641 -2.1058604125048985
87.25726300829844 -2.02495726711492
145.1312209608681 -1.9074791367643078
59.15480854882507 -1.4777253000182768
132.46305673068912 -2.064347439593797
-50.00453032384109 -1.507188943327519
-110.87753405239653 -2.6221920983632145
109.2508917546551 -1.5711528011991696
-105.07553013156489 -1.8948941221242266
-61.306639757202866 -1.2053183812590749
54.37983041042043 -2.066789724350843
-79.94326882702283 -1.7567564827766915
-119.63511026589349 -2.1180924068141076
91.70812821924477 -2.5505394844331755
53.51931795446485 -2.0699381266466697
12.314022518068183 -2.0844924165514245
53.046986707946466 -3.1664360796089195
171.95298297810265 -2.4131649292480093
37.046939030858496 -2.310936567502808
-15.674618145542894 -1.9667931482953125
-60.02259317370174 -1.5370923445481777
63.201356056568834 -0.9240638780949249
-43.936251727411964 -2.3020203019764014
-90.72077562336558 -2.292742257623715
33.75932151625976 -2.46309202323356
-125.86407743634935 -1.714983316872142
-26.083664381978743 -1.758651672318479
7.239810110677462 -2.001375771239951
36.603488686588825 -2.632956538654249
-70.20340578642634 -1.905174357774507
39.8776213755655 -2.0707769939879173
-72.62901546728976 -1.398034642556866
49.149262628799555 -1.813538913214469
80.65495190868337 -2.234568384364732
-4.863737683152192 -2.3169963719859576
-30.737995590648637 -2.179560961275363
-26.325023719036842 -2.295581631100313
33.79029620719369 -2.3700205308474955
-106.3233846481374 -1.7702686634685314
-89.63941230885175 -2.29039609346271
-188.98963209079383 -2.091135794920701
93.16791641091686 -2.0724087540158105
-9.140825054867413 -0.8746683662092811
88.2062031576393 -1.6825607376078677
6.106851535629521 -1.780302011059123
51.19352962387469 -2.8295677415520704
43.532618253011904 -1.942131130089918
-65.52271679483898 -2.4131040531870864
59.00701294440251 -2.2300147280700484
133.25634941585218 -1.8372894274779987
4.705927713947567 -2.326141620604801
-93.50787103692367 -2.8928481953056213
37.48747284002582 -1.9062800243767632
-66.80190595681705 -2.4779058311482625
-73.75144693550986 -1.63010755698495
-70.04773923042659 -1.7297447373744244
35.57559516548185 -2.3755154538854315
71.06101349360264 -2.6005357253299084
52.81366577844941 -1.7013435518365543
-40.11975365056442 -1.9844849023776967
46.704603163929136 -2.1858979794973843
51.552437546646225 -2.0460490395799376
-3.3940493410400494 -2.1149416125580967
33.683097172431005 -1.4692377643995465
79.05193479746387 -2.340959356672556
222.32476361311188 -1.5198027062662196
188.81334435231244 -1.1741688487190833
88.82789287476814 -2.124741082101771
-55.00690522913272 -2.997157091833328
58.79027940718532 -2.1970745365695814
-31.395003118602922 -2.097919696358345
-79.68303794131234 -1.7657568653935276
-81.83684626164218 -2.1243286988675827
87.22432256294036 -2.057835382541133
10.004791663010563 -2.4033005680666326
-98.97161509180602 -1.8069608612827266
-88.48350862169876 -2.436870592493449
-83.96026080518884 -2.5014934753388243
183.94009774993012 -2.6006154124756455
-22.027406849804464 -1.4502388573779128
-15.3056093024222 -2.1900342286182655
45.470389243606434 -2.7905045539040993
-72.10900354522097 -1.2690045357058857
-35.699387033216986 -1.8565926596595916
-118.52610966703138 -2.4245844626767012
35.500147735134895 -2.6437462458865832
-85.70717271422161 -2.7372340807080477
24.24406939852183 -2.406066889597029
9.527651893396376 -2.3434626332677517
3.848402120845777 -1.791278190914853
-71.45270101349503 -2.7149514665923675
1.3704222068659542 -2.2151164895478477
11.033686301215997 -2.2152669476928155
9.828318616550234 -1.6092191281728767
36.173422937173946 -2.2844791891153875
27.671131368242 -2.171707083450165
-52.142824350108185 -1.9308647884817576
8.418591393352663 -1.7365283754602499
55.14675186480032 -1.8330645673546007
107.56847073684536 -1.9489309561929433
10.539596402342505 -2.136260336677595
-2.0920162199683316 -2.4977225687185776
165.62015644401401 -2.4270679005897144
-20.623517217080312 -2.0512725071366447
127.11694136865135 -2.0823615330542182
37.21301546556092 -2.79023600766239
-141.06292539644127 -2.762788068327396
-70.62679288193388 -1.8647556568265462
0.8826206557032603 -1.5055971140191338
-12.823108222131962 -1.8268235354094626
-72.67151345358012 -2.120990021789212
30.492377930057728 -2.333932208260937
-18.61246168316945 -1.7718091628478714
-37.68632647158775 -2.209607906735812
-1.170172809941888 -1.8957401151567526
135.63808105963224 -1.7994449257555092
133.11645210281876 -1.9834468295748136
-57.48844298884183 -1.9215629980780182
-108.01784496019307 -1.9690926291104258
7.280838826349399 -0.9305606555373043
-35.97946577706475 -1.892902214284088
30.339553197754427 -1.1426810970948136
31.10673671943197 -1.7191131508661812
-32.00475344611549 -2.185460304962856
44.80370674964897 -1.3650672609440995
22.48295137913734 -1.9507410253852484
53.6455031452941 -1.2435489709828533
56.98439983439078 -1.5693046979872334
-81.9298045070627 -2.087399879737484
1.3713190699723876 -1.7538489815486331
41.135776252553384 -3.0418273602826336
-131.10043959073016 -2.298324998620754
-22.873723281909562 -0.9179811604245165
-97.12741840284718 -1.8869515013657523
-133.56213098716682 -1.575491626086438
-74.9862410026965 -2.872977047014319
58.998252213109474 -2.034332164106876
36.830823879173 -1.3406851952698582
-82.11772051405389 -2.0294385394479564
95.91344131990377 -2.222981976004211
98.82624424819788 -2.2848398652628368
-112.63956625573671 -1.7046215649289191
15.454000224780165 -1.7132441978604873
-26.383812657686335 -1.718559548253553
-73.08196867367008 -1.9016294771305093
-54.66664764713767 -1.810222908219098
-50.36970085300478 -2.223284152994984
-93.30154773214795 -1.660903575761476
27.222768902583837 -1.8998327702017703
-84.02157439043785 -2.1450889746407897
37.3245254164577 -2.1337895921069867
25.99879585206073 -1.022238824724331
-58.46619402374227 -2.0713433209509344
-164.20118058961876 -2.7243760978507163
-26.24934240068776 -1.7634662771661276
9.459514504336633 -3.079819730129614
67.74833744059802 -2.5851914623812373
87.60250599497215 -1.3822573820401336
-58.629199253547476 -2.0181040697706427
-87.92899380926659 -1.0867851718838557
-42.98528659838816 -1.5537204130289644
-13.707636755666737 -2.3001765893736352
30.60708905002781 -2.0956420063974552
85.76938311809222 -2.540184805145084
-110.59046340824638 -2.205079541556774
16.570412557720836 -2.2483698317548226
-138.515371909418 -2.3885787426345457
97.31561616544147 -1.7697496406652233
57.55903805544399 -2.129651802440702
71.361664533127 -2.181732206548176
-110.50641278916166 -2.438571972990893
-34.782131531353826 -1.7141937039143436
-73.42083874547176 -2.253057416483891
-34.462763025108934 -1.795731220778715
-26.924372803594906 -2.4076809862300914
20.730751473152644 -1.8243254350213596
17.308216135587614 -1.2549876697105151
117.37380964763135 -2.182510376808621
-99.40996834860502 -1.4971817707893773
-55.725639882754365 -1.1647377666534888
103.35159244256573 -1.4489331742286669
-4.184308491863402 -1.9440443304756658
-122.05806853056633 -1.494744136736752
-24.77977022304369 -1.3453430559927342
-117.49058691203311 -1.6906771517361994
0.4019285297726005 -1.6912466689092662
-37.60859594405514 -2.131939197727341
34.52399011893567 -1.9618477001639256
36.82161388379975 -1.7915936463476319
158.2625498138737 -1.9783661103157115
125.32166591838869 -1.744302369938379
3.690274515954874 -1.7680059662293761
17.949406404469272 -2.0305798187338535
-48.4969413596984 -2.0444220396599104
-32.45081418194635 -1.35045515714042
53.66296331456669 -1.7552668439998529
101.47088324639971 -1.5984400551864932
25.7869219492636 -1.2900971778150523
-25.98988752874147 -2.0374786780237417
-42.54209388424035 -2.157686824072443
-33.34017555608209 -1.6699096682361407
-101.9406435148555 -2.2581235889043403
-14.697032708972182 -2.5143804840006063
24.127586571023784 -2.1546249041736165
58.36352645582974 -1.89430724565883
-69.17620236746487 -1.7835164235072667
144.73590043111884 -2.080698588300798
-89.26409589600772 -2.943026295837436
23.531625629307015 -1.7798676122029624
-65.01451716008793 -1.9864329148802984
22.25830126077016 -1.7270294304512803
-1.1135044054708765 -1.4938716185439858
-110.16883468058472 -2.029842808865266
-62.30652410208769 -1.900978322608173
-70.55801517107297 -2.2082723203114196
-35.684707970787784 -1.8146475623622034
-36.4125846074179 -2.6082102972809813
20.599406998907135 -1.6407467970216651
-97.08760169151306 -2.28257501129184
102.53742082423418 -2.2934038014140143
-140.56839565052528 -1.3721717395542543
-40.41806989530159 -2.254543246043805
-104.90769663973667 -1.4855296409271093
8.307579734322664 -2.5776708917294213
-119.00648206975839 -2.392727463717307
3.6110099951502654 -1.7936963099594174
-90.3377564289017 -1.8387665832123574
-92.21014792608536 -2.1533040766491056
78.54156743986839 -1.7110501927767394
-90.96575372264158 -1.6280172258887706
-145.99980765105948 -2.079283717836035
1.9707988722898007 -0.7569788097250283
60.13871436554633 -1.7776341385009977
-39.571952519357026 -1.412190618260258
-94.30123644416855 -2.5653517459052777
-30.460267854744345 -2.150886157856007
96.67171579531832 -2.53840853427431
4.434527359493686 -2.4710723186049073
103.11726933711681 -2.371986994102927
-85.97645422534806 -1.7925230915030776
57.33160159585484 -1.3061165835009354
-37.14150808966787 -1.9816930699784534
-42.630190959148074 -1.8702981137798425
78.72668205717494 -3.1209101653215
64.75388593695055 -2.441847211687339
-50.44382124381028 -2.3062579391251408
56.42089298538213 -2.482114658313642
6.631818561854548 -2.340110819772817
-61.75245799824616 -2.0718577857487013
108.32672564270494 -1.3407769840274157
32.71636001820271 -2.1623686789941012
-61.02482745489934 -1.880041519336385
-39.83775879711551 -1.796308878215534
-76.0662755217594 -1.6780848557401464
-32.07105547029158 -1.242502648081016
215.1580538821379 -2.0555871334645097
44.92881573976821 -2.201511284660225
4.8381192466613765 -2.4979112881435013
157.71213268734567 -1.9735697266222707
-41.71102743858678 -1.4603215401112046
77.89033554687863 -2.0308800890341554
81.36177609901746 -2.0947474666930876
58.43345557189432 -1.6190270962519135
-137.7716155494847 -1.624478732074886
14.347236043280073 -2.1442045993061813
37.01892830265242 -1.2985367342503518
-110.49120623817113 -2.238848963130559
-56.275399739404 -2.096343205718328
54.896653415769414 -2.421854958251531
-67.09922784613407 -2.24080115411364
14.436684191580683 -1.458636305486988
-114.14933219512228 -1.8812168057332233
-24.352231766122742 -1.8617167442840494
3.849520147100031 -2.744501695451744
159.9731451777997 -1.1601844990330918
-36.41157593693005 -2.308735279782304
1.5897855685701772 -2.4421478567343895
-28.596499792940314 -2.1175131788007606
-100.3349779792556 -1.96246613764485
15.785128618513278 -1.8505878385407712
44.56189336768831 -1.9726929411285834
172.33661070331817 -1.3611400114840317
-19.212932377795603 -2.42995324473617
47.66041590399319 -2.0518485384874587
2.062865116076322 -2.597279034849895
16.245234661385844 -2.520481437139419
-62.145362419110306 -1.612464122189137
6.530433440697369 -2.6484328804907946
-28.416560738567263 -2.5441907314970678
108.9053310146552 -1.8279541825840842
-19.641902540153765 -2.6228596561170052
9.29366454426144 -2.9869664453191986
-22.268243838113122 -1.9637557952416609
-157.82018730906287 -2.431784499221584
-55.467545973269 -1.4751776255261912
13.053152696079202 -2.1866786772232096
-18.536886952140335 -2.425940481610526
113.85392337675174 -2.673905229130309
20.863695816402604 -2.1774830465181307
8.678052541960525 -2.952497265254344
24.627330214203667 -1.730273614585304
-104.71885922787577 -2.5375875554356413
-19.29663150026689 -1.785112309297182
118.21421802951274 -2.3760917992231154
0.15947210406119727 -2.027444501642493
57.121915285676614 -2.3640201477940277
57.660686848806556 -1.5911048807177424
-3.5384111523032793 -2.239213063140612
88.88132207074993 -1.7096234214266954
-12.969379494009612 -1.941719149369474
4.364134125375385 -2.541219646034497
50.2178361957101 -2.073801954440347
-80.16225895628999 -1.916054346219442
42.19517971492266 -2.1470099607900246
187.75030410378076 -1.6014521891509403
110.03021120006078 -1.8798241326207876
-17.18339372177465 -2.1019051146905587
-2.4331972036780125 -1.4600583259859343
-112.49035806342042 -2.124884458303985
174.46242567882436 -1.8319084455961008
15.72848594654054 -2.17506437223449
104.39236008827683 -2.0664650031714635
-139.38420654239383 -2.3173117478897587
63.672365516832734 -0.9413388651465355
-18.258373391851286 -2.404144103611961
-71.09526470261827 -1.7652098056782792
-50.628033638217715 -2.0219082727866735
25.75410541072054 -1.4739891125562719
5.988110914827643 -1.4061979458221812
-19.42204842007807 -2.5056259133887644
83.7207306287353 -2.241777072675992
-22.185194018021043 -2.294758705696455
-63.926657664651714 -2.7777276916058247
-59.079574266119394 -2.1158242207062825
-7.772760482662872 -1.939660303120119
68.02061570296011 -1.2177774285766358
-14.93491208259187 -2.0354160881414747
-98.0176243274492 -1.9132668770523107
191.78099214501762 -2.5094170959602
125.8626712588496 -2.5072403760944635
42.94053830341995 -2.098833579847951
60.28579927904253 -2.0229600520730044
-127.02266452074723 -2.0718654161602656
-35.25795853134527 -2.4971342048006075
24.116213694108282 -2.00170221251077
-88.88423670079939 -2.5357456601053388
195.53055426262787 -1.736155867309802
151.06751334201414 -2.93581497936806
-57.08815819528311 -2.0386444169197837
16.373172352372954 -1.4521197053861374
63.531693883125875 -1.8220681224094464
80.0946554809419 -2.3640737969978813
-1.8471060360282658 -2.4551104250532445
-14.035866310399454 -2.1797243463574674
20.563681668317102 -2.2259083776895414
8.133082647372719 -2.038049640452953
-181.526854219971 -2.3707211772772094
101.7969630360197 -2.622482821334926
0.6009211989150347 -2.079607367649915
0.31756983074086276 -2.79777092745584
6.857886902731753 -1.8346923200665886
1.8322391883926423 -1.4592914230018175
-110.87979878990434 -2.3547736426519097
58.911686602940556 -2.681838887794239
-91.79660676499488 -1.8182733508822497
80.14278768142029 -1.7141181461937547
8.555830491180044 -2.648736826444637
47.02272624801119 -1.8721500359168513
16.909570274121634 -1.8865044702097
36.33665441109792 -1.9299781910931564
40.80467245741067 -1.7035472583862563
10.639943311860272 -1.5486978115955945
-14.959541105756871 -1.6699330009520756
27.920936151601396 -1.1795448631719054
115.64382035173517 -2.6789735097901533
48.73872175136254 -2.3743701597983136
7.39026021256227 -2.6937791934652684
17.19571158757511 -2.232336728193756
1.2752348075764428 -1.9339571662273485
31.779443588546712 -2.3392263516462215
9.014182386899636 -1.8861099122776637
54.465090315941126 -1.680348016668539
-91.59840596381609 -2.663171516294686
-36.3356830792801 -1.4117857812111367
-113.481655152899 -2.022729252913874
-4.086645010042155 -2.8533394741471567
-99.55040003134047 -2.426800848539889
34.49049354714755 -2.427068891983787
-52.26546102913334 -2.0791727303898604
-7.873283718022513 -1.9370029990557702
82.84176107638122 -1.5492061924220397
60.05736899702015 -2.566706425871124
84.67747658765903 -1.7442573333293026
77.43188111477951 -2.025019340019437
-101.11053247229641 -2.1802966294291934
-32.75342764306712 -1.91748352721569
-126.10896574725811 -2.415387675681412
-144.90551180185807 -2.608740632360928
27.89350567256721 -2.3011319632957745
-0.9255062013904105 -2.837121447723989
-21.657362180012626 -2.0696814449168865
-104.33809377035895 -2.439545391336232
-2.8657512663411135 -2.1037167096483844
45.33287583691986 -1.8715906344166529
68.53712240867007 -1.0234958241941938
46.52238146819856 -1.1226783005366885
-47.36809943675399 -1.7019661326759636
-45.447110420214884 -2.838979394187346
99.99662176219825 -1.7326468896266054
-71.48077337694905 -1.2860660942875262
189.04856504214473 -1.9761433207368184
130.7516810120025 -1.6107418795085193
18.174014375929325 -1.9813094811906549
6.629815597054206 -1.6433058979641908
-157.96125932428444 -1.7056635875828556
23.215894885007806 -2.9707224669772856
-21.681965009677477 -1.5063791165395055
206.61740064617345 -1.8814580497295688
-138.08137271697726 -1.9862551629316378
-113.29482858471223 -1.8993802150482264
-121.66960902876522 -2.158092147988593
60.45350577498261 -2.4962443316055545
15.034740900154125 -1.648146659313018
49.453974402948845 -1.9491342353467442
-40.85328893209234 -2.601361821186072
-22.84838490368835 -2.701578361422436
23.484940646786477 -1.3081457489877608
-48.79258126590891 -2.356226268904584
-29.707759399004402 -2.3743009777785127
93.10364064762675 -2.052532286469232
-33.212053942990515 -2.6340103117834044
-60.39175300444006 -1.9523498848709075
38.16234085127291 -3.159292135821725